1.23
4.56
7.89
10.11
12.34
15.67
18.90
21.12
24.34
27.56
30.78
33.90
37.12
40.34
43.56
46.78
50.90
54.12
57.34
60.56
63.78
66.90
70.12
73.34
76.56
118.12
121.34
124.56
127.78
130.90
134.12
137.34
140.56
143.78
146.90
150.12
79.78
82.90
86.12
89.34
92.56
95.78
98.90
102.12
105.34
108.56
111.78
114.90
153.34
156.56
159.78
162.90
166.12
169.34
191.78
194.90
198.12
201.34
204.56
207.78
210.90
214.12
217.34
220.56
223.78
226.90
230.12
233.34
236.56
239.78
172.56
175.78
178.90
182.12
185.34
188.56
242.90
246.12
249.34
252.56
255.78
258.90
262.12
265.34
268.56
271.78
274.90
278.12
281.34
284.56
287.78
290.90
294.12
297.34
300.56
303.78
306.90
310.12
313.34
316.56
319.78
322.90
326.12
329.34
332.56
335.78
338.90
342.12
345.34
348.56
351.78
354.90
358.12
361.34
364.56
367.78
370.90
374.12
377.34
380.56
383.78
386.90
390.12
393.34
396.56
399.78
402.90
406.12
409.34
412.56
415.78
418.90
422.12
425.34
428.56
431.78
434.90
438.12
441.34
444.56
447.78
450.90
454.12
457.34
460.56
463.78
466.90
470.12
473.34
476.56
479.78
482.90
486.12
489.34
492.56
495.78
498.90
502.12
505.34
508.56
511.78
514.90
518.12
521.34
524.56
527.78
530.90
534.12
537.34
540.56
543.78
546.90
550.12
553.34
556.56
559.78
562.90
566.12
569.34
572.56
575.78
578.90
582.12
585.34
588.56
591.78
594.90
598.12
601.34
604.56
607.78
610.90
614.12
617.34
620.56
623.78
626.90
630.12
633.34
636.56
639.78
642.90
646.12
649.34
652.56
655.78
658.90